25
0.342268 -0.068705 -0.900806
0.485611 -0.063120 -1.242738
0.690403 -0.204660 -0.996330
1.036106 -0.390435 -0.781631
1.278973 -0.305218 -0.758501
0.240921 -0.333587 -0.659816
0.177530 -0.108710 -1.040458
0.247235 -0.058324 -1.302419
0.546391 -0.408592 -0.634945
0.402836 -0.109318 -1.361115
0.750116 -0.504521 -0.662916
0.731660 -0.380434 -0.897703
0.669840 -0.280660 -1.381484
1.001105 -0.420160 -1.121879
1.063589 -0.520837 -1.021979
1.091048 -0.410451 -1.135844
0.144093 -0.412627 -0.827944
0.028278 -0.400404 -1.107207
0.418429 -0.621010 -0.773433
0.585252 -0.569651 -1.197811
0.562613 -0.453548 -1.411507
0.884034 -0.635290 -0.910109
0.229200 -0.621152 -1.193382
0.599793 -0.780361 -0.742487
0.441988 -0.581206 -1.259729
