50
0.419855 0.118614 0.316214
0.563758 0.151703 0.270105
0.728005 0.110958 0.329943
0.405381 0.311645 0.285340
0.557125 0.393657 0.264003
0.736356 0.299178 0.298416
0.439099 0.491421 0.336394
0.720485 0.451922 0.336965
0.147471 0.844018 0.283397
0.125967 1.000000 0.117026
0.146854 0.050365 0.544500
0.317874 0.044090 0.468500
0.573162 0.015166 0.454208
0.821449 0.110431 0.421397
0.954801 0.116109 0.472159
0.058306 0.358264 0.466768
0.318670 0.259157 0.369267
0.859850 0.271386 0.403230
0.908365 0.430352 0.519724
0.045199 0.597290 0.483465
0.304674 0.570650 0.417762
0.545244 0.629915 0.482687
0.783198 0.582560 0.479978
0.118752 0.783215 0.426448
0.297699 0.844805 0.473616
0.486248 0.877350 0.420588
0.335416 0.949730 0.462335
0.469570 0.973101 0.380871
0.170533 0.121055 0.696764
0.288411 0.037635 0.684052
0.571753 0.000000 0.783801
0.822010 0.056611 0.697414
0.925705 0.102622 0.689061
0.142926 0.331413 0.756680
0.264328 0.300219 0.774733
0.848681 0.368970 0.739666
0.070334 0.516441 0.699267
0.362763 0.528094 0.738116
0.539332 0.576693 0.708989
0.789094 0.560184 0.678269
0.056188 0.750673 0.701724
0.237034 0.812774 0.610450
0.369840 0.013738 0.824539
0.561099 0.142443 0.841633
0.673543 0.090829 0.826741
0.419222 0.364011 0.816699
0.568495 0.276589 0.882974
0.745837 0.325510 0.826266
0.056314 0.576820 0.821469
0.630558 0.459809 0.798461
