25
0.026851 0.175050 0.791249
0.101690 0.724461 1.425566
-0.059423 0.308023 0.877363
-0.176523 0.580818 1.175957
-0.368272 0.123593 0.854276
-0.356439 0.284116 0.918955
-0.371767 0.564546 1.167745
-0.336057 0.716173 1.332909
-0.519956 0.136723 0.849354
-0.516118 0.353364 0.998392
-0.475289 0.652757 1.317503
-0.666487 0.269829 1.010388
0.024674 0.046560 0.916142
0.054129 0.462706 1.336483
0.047574 0.582564 1.407904
-0.173508 0.071365 0.892116
-0.102798 0.514937 1.289284
-0.148642 0.595624 1.415217
-0.343394 0.132121 0.977756
-0.495758 0.020577 0.883446
-0.543349 0.189955 1.056427
0.076182 0.028206 1.055174
-0.037398 0.582846 1.599430
-0.081173 0.615031 1.592008
-0.425901 -0.082377 0.942770
