50
0.073632 0.182445 0.394817
0.244873 0.169543 0.349899
0.438231 0.138525 0.412564
0.666432 0.162361 0.368544
0.782149 0.174551 0.320663
0.935354 0.113272 0.453040
0.220202 0.284816 0.362165
0.371717 0.360005 0.404310
0.647496 0.369178 0.362835
0.097962 0.600141 0.436907
0.242717 0.583577 0.376978
0.398636 0.564476 0.379579
0.603817 0.578998 0.371826
0.843833 0.541056 0.386405
0.978788 0.602161 0.443023
0.106061 0.733815 0.422671
0.218268 0.715421 0.379387
0.360978 0.729434 0.370243
0.624025 0.688356 0.418140
0.788283 0.674888 0.398032
0.314422 0.880275 0.429467
0.517235 0.903171 0.358119
0.069475 0.203171 0.576116
0.305126 0.096829 0.528187
0.430391 0.199937 0.600224
0.649904 0.174667 0.565364
0.798212 0.175198 0.550026
0.064537 0.389424 0.530693
0.267928 0.356640 0.590949
0.666834 0.318611 0.501460
0.800715 0.355809 0.539878
0.952525 0.406969 0.508376
0.125560 0.563099 0.502073
0.183014 0.581959 0.538385
0.397291 0.617872 0.481359
0.676768 0.549636 0.508024
0.751039 0.559519 0.512718
1.000000 0.536503 0.485019
0.048510 0.705257 0.537905
0.268684 0.760960 0.541812
0.401010 0.766807 0.505987
0.143553 0.147615 0.667216
0.279798 0.156142 0.663412
0.384512 0.154967 0.674900
0.642641 0.151232 0.659169
0.769697 0.216493 0.679337
0.950869 0.236504 0.671251
0.256566 0.299154 0.648408
0.940750 0.293070 0.653075
0.000000 0.649203 0.642974
